Microsoft Windows [Version 10.0.19043.1052]
(c) Microsoft Corporation. All rights reserved.

C:\GitHub\collatz>python main.py
Please enter a decimal number. Example: 31
27
[0]
+   11011 (27)     
   110111 (55)     
---------
  1010010 (82)     
[1]
+  101001 (41)     
  1010011 (83)     
---------
  1111100 (124)    
[2]
+   11111 (31)     
   111111 (63)     
---------
  1011110 (94)     
[3]
+   101111 (47)    
   1011111 (95)    
----------
  10001110 (142)   
[4]
+  1000111 (71)    
  10001111 (143)   
----------
  11010110 (214)   
[5]
+   1101011 (107)  
   11010111 (215)  
-----------        
  101000010 (322)  
[6]
+  10100001 (161)  
  101000011 (323)  
-----------        
  111100100 (484)  
[7]
+   1111001 (121)  
   11110011 (243)  
-----------        
  101101100 (364)  
[8]
+   1011011 (91)   
   10110111 (183)  
-----------        
  100010010 (274)  
[9]
+  10001001 (137)  
  100010011 (275)  
-----------        
  110011100 (412)  
[10]
+   1100111 (103)  
   11001111 (207)  
-----------        
  100110110 (310)  
[11]
+  10011011 (155)  
  100110111 (311)  
-----------        
  111010010 (466)  
[12]
+   11101001 (233) 
   111010011 (467) 
------------       
  1010111100 (700) 
[13]
+   10101111 (175) 
   101011111 (351) 
------------       
  1000001110 (526) 
[14]
+  100000111 (263) 
  1000001111 (527) 
------------       
  1100010110 (790) 
[15]
+   110001011 (395)
   1100010111 (791)
-------------
  10010100010 (1186)
[16]
+  1001010001 (593)
  10010100011 (1187)
-------------
  11011110100 (1780)
[17]
+   110111101 (445)
   1101111011 (891)
-------------
  10100111000 (1336)
[18]
+  10100111 (167)
  101001111 (335)
-----------
  111110110 (502)
[19]
+   11111011 (251)
   111110111 (503)
------------
  1011110010 (754)
[20]
+   101111001 (377)
   1011110011 (755)
-------------
  10001101100 (1132)
[21]
+  100011011 (283)
  1000110111 (567)
------------
  1101010010 (850)
[22]
+   110101001 (425)
   1101010011 (851)
-------------
  10011111100 (1276)
[23]
+  100111111 (319)
  1001111111 (639)
------------
  1110111110 (958)
[24]
+   111011111 (479)
   1110111111 (959)
-------------
  10110011110 (1438)
[25]
+   1011001111 (719)
   10110011111 (1439)
--------------
  100001101110 (2158)
[26]
+  10000110111 (1079)
  100001101111 (2159)
--------------
  110010100110 (3238)
[27]
+   11001010011 (1619)
   110010100111 (3239)
---------------
  1001011111010 (4858)
[28]
+  100101111101 (2429)
  1001011111011 (4859)
---------------
  1110001111000 (7288)
[29]
+   1110001111 (911)
   11100011111 (1823)
--------------
  101010101110 (2734)
[30]
+   10101010111 (1367)
   101010101111 (2735)
---------------
  1000000000110 (4102)
[31]
+  100000000011 (2051)
  1000000000111 (4103)
---------------
  1100000001010 (6154)
[32]
+   110000000101 (3077)
   1100000001011 (6155)
----------------
  10010000010000 (9232)
[33]
+  1001000001 (577)
  10010000011 (1155)
-------------
  11011000100 (1732)
[34]
+   110110001 (433)
   1101100011 (867)
-------------
  10100010100 (1300)
[35]
+  101000101 (325)
  1010001011 (651)
------------
  1111010000 (976)
[36]
+   111101 (61)
   1111011 (123)
----------
  10111000 (184)
[37]
+   10111 (23)
   101111 (47)
---------
  1000110 (70)
[38]
+  100011 (35)
  1000111 (71)
---------
  1101010 (106)
[39]
+   110101 (53)
   1101011 (107)
----------
  10100000 (160)
[40]
+   101 (5)
   1011 (11)
-------
  10000 (16)

Finish 1 (1)

C:\GitHub\collatz>